[gd_scene load_steps=51 format=3 uid="uid://d1cn2a6nofayn"]

[sub_resource type="CylinderMesh" id="CylinderMesh_cude4"]
top_radius = 0.05
bottom_radius = 0.05
height = 5.0

[sub_resource type="CylinderMesh" id="CylinderMesh_88jqw"]
top_radius = 2.5
bottom_radius = 2.5
height = 5.0

[sub_resource type="BoxMesh" id="BoxMesh_cude4"]
size = Vector3(0.3, 0.3, 0.3)

[sub_resource type="StandardMaterial3D" id="StandardMaterial3D_88jqw"]
albedo_color = Color(1, 0, 0, 1)

[sub_resource type="BoxMesh" id="BoxMesh_360qn"]
size = Vector3(0.3, 0.3, 0.3)

[sub_resource type="StandardMaterial3D" id="StandardMaterial3D_3mpkd"]
albedo_color = Color(1, 0, 0, 1)

[sub_resource type="BoxMesh" id="BoxMesh_nygsg"]
size = Vector3(0.3, 0.3, 0.3)

[sub_resource type="StandardMaterial3D" id="StandardMaterial3D_0811k"]
albedo_color = Color(1, 0, 0, 1)

[sub_resource type="BoxMesh" id="BoxMesh_88jqw"]
size = Vector3(0.3, 0.3, 0.3)

[sub_resource type="StandardMaterial3D" id="StandardMaterial3D_360qn"]
albedo_color = Color(1, 0, 0, 1)

[sub_resource type="BoxMesh" id="BoxMesh_3mpkd"]
size = Vector3(0.3, 0.3, 0.3)

[sub_resource type="StandardMaterial3D" id="StandardMaterial3D_nygsg"]
albedo_color = Color(1, 0, 0, 1)

[sub_resource type="BoxMesh" id="BoxMesh_0811k"]
size = Vector3(0.3, 0.3, 0.3)

[sub_resource type="StandardMaterial3D" id="StandardMaterial3D_jvvsc"]
albedo_color = Color(1, 0, 0, 1)

[sub_resource type="BoxMesh" id="BoxMesh_0fonw"]
size = Vector3(0.3, 0.3, 0.3)

[sub_resource type="StandardMaterial3D" id="StandardMaterial3D_g54cx"]
albedo_color = Color(1, 0, 0, 1)

[sub_resource type="BoxMesh" id="BoxMesh_g54cx"]
size = Vector3(0.3, 0.3, 0.3)

[sub_resource type="StandardMaterial3D" id="StandardMaterial3D_wxmkp"]
albedo_color = Color(1, 0, 0, 1)

[sub_resource type="BoxMesh" id="BoxMesh_p3dle"]
size = Vector3(0.3, 0.3, 0.3)

[sub_resource type="StandardMaterial3D" id="StandardMaterial3D_5yotk"]
albedo_color = Color(1, 0, 0, 1)

[sub_resource type="BoxMesh" id="BoxMesh_wxmkp"]
size = Vector3(0.3, 0.3, 0.3)

[sub_resource type="StandardMaterial3D" id="StandardMaterial3D_p3dle"]
albedo_color = Color(1, 0, 0, 1)

[sub_resource type="BoxMesh" id="BoxMesh_5yotk"]
size = Vector3(0.3, 0.3, 0.3)

[sub_resource type="StandardMaterial3D" id="StandardMaterial3D_xrsaf"]
albedo_color = Color(1, 0, 0, 1)

[sub_resource type="BoxMesh" id="BoxMesh_jvvsc"]
size = Vector3(0.01, 0.25, 1)

[sub_resource type="StandardMaterial3D" id="StandardMaterial3D_0fonw"]
albedo_color = Color(0, 0, 1, 1)

[sub_resource type="BoxMesh" id="BoxMesh_xrsaf"]
size = Vector3(0.05, 0.2, 0.2)

[sub_resource type="StandardMaterial3D" id="StandardMaterial3D_6qdca"]

[sub_resource type="BoxMesh" id="BoxMesh_6qdca"]
size = Vector3(0.05, 0.2, 0.2)

[sub_resource type="StandardMaterial3D" id="StandardMaterial3D_lkikd"]

[sub_resource type="BoxMesh" id="BoxMesh_lkikd"]
size = Vector3(0.05, 0.2, 0.2)

[sub_resource type="StandardMaterial3D" id="StandardMaterial3D_qx5w2"]

[sub_resource type="CylinderMesh" id="CylinderMesh_360qn"]
top_radius = 2.5
bottom_radius = 2.5
height = 5.5

[sub_resource type="StandardMaterial3D" id="StandardMaterial3D_cude4"]
albedo_color = Color(0.44291076, 0.44291076, 0.44291073, 1)

[sub_resource type="BoxMesh" id="BoxMesh_jy2da"]
size = Vector3(0.3, 0.3, 0.3)

[sub_resource type="StandardMaterial3D" id="StandardMaterial3D_ar47d"]
albedo_color = Color(1, 0, 0, 1)

[sub_resource type="BoxMesh" id="BoxMesh_j2ung"]
size = Vector3(0.3, 0.3, 0.3)

[sub_resource type="StandardMaterial3D" id="StandardMaterial3D_o7vsr"]
albedo_color = Color(1, 0, 0, 1)

[sub_resource type="BoxMesh" id="BoxMesh_v02qv"]
size = Vector3(0.3, 0.3, 0.3)

[sub_resource type="StandardMaterial3D" id="StandardMaterial3D_pgu3f"]
albedo_color = Color(1, 0, 0, 1)

[sub_resource type="BoxMesh" id="BoxMesh_ejs8s"]
size = Vector3(0.3, 0.3, 0.3)

[sub_resource type="StandardMaterial3D" id="StandardMaterial3D_rw2vn"]
albedo_color = Color(1, 0, 0, 1)

[sub_resource type="BoxMesh" id="BoxMesh_b6axb"]
size = Vector3(0.3, 0.3, 0.3)

[sub_resource type="StandardMaterial3D" id="StandardMaterial3D_ix1mw"]
albedo_color = Color(1, 0, 0, 1)

[sub_resource type="BoxMesh" id="BoxMesh_vfhk3"]
size = Vector3(0.3, 0.3, 0.3)

[sub_resource type="StandardMaterial3D" id="StandardMaterial3D_xtibw"]
albedo_color = Color(1, 0, 0, 1)

[sub_resource type="BoxMesh" id="BoxMesh_kqut3"]
size = Vector3(0.3, 0.3, 0.3)

[sub_resource type="StandardMaterial3D" id="StandardMaterial3D_0xb73"]
albedo_color = Color(1, 0, 0, 1)

[sub_resource type="BoxMesh" id="BoxMesh_touju"]
size = Vector3(0.01, 0.25, 1)

[sub_resource type="StandardMaterial3D" id="StandardMaterial3D_yd8te"]
albedo_color = Color(0, 0, 1, 1)

[node name="cilindroEstadosSuma" type="Node3D"]
transform = Transform3D(1, 0, 0, 0, 0.99999994, 0, 0, 0, 0.99999994, 0, 0, 0)

[node name="cilindroEje" type="MeshInstance3D" parent="."]
transform = Transform3D(1, 0, 0, 0, 0.9999998, 0, 0, 0, 0.9999998, 0, 0, 0)
mesh = SubResource("CylinderMesh_cude4")

[node name="cilindroGrande" type="MeshInstance3D" parent="cilindroEje"]
visible = false
mesh = SubResource("CylinderMesh_88jqw")
skeleton = NodePath("../..")

[node name="anilloR" type="Node3D" parent="cilindroEje/cilindroGrande"]
transform = Transform3D(0.76604456, 0, 0.64278764, 0, 1, 0, -0.64278764, 0, 0.76604456, 0, 2.0343523, 0)

[node name="q0X" type="MeshInstance3D" parent="cilindroEje/cilindroGrande/anilloR"]
transform = Transform3D(1.0000002, 0, 0, 0, 1, 0, 0, 0, 1.0000002, -0.010378718, 0, 2.4948094)
mesh = SubResource("BoxMesh_cude4")
surface_material_override/0 = SubResource("StandardMaterial3D_88jqw")

[node name="q01" type="MeshInstance3D" parent="cilindroEje/cilindroGrande/anilloR"]
transform = Transform3D(0.7657196, 0, -0.6431755, 0, 1, 0, 0.6431755, 0, 0.7657196, -1.600856, 0, 1.9078264)
mesh = SubResource("BoxMesh_360qn")
surface_material_override/0 = SubResource("StandardMaterial3D_3mpkd")

[node name="q11" type="MeshInstance3D" parent="cilindroEje/cilindroGrande/anilloR"]
transform = Transform3D(0.98468286, 0, -0.17435275, 0, 1, 0, 0.17435275, 0, 0.98468286, 2.4485672, 0, 0.43174845)
mesh = SubResource("BoxMesh_nygsg")
surface_material_override/0 = SubResource("StandardMaterial3D_0811k")

[node name="anilloL" type="Node3D" parent="cilindroEje/cilindroGrande"]
transform = Transform3D(0.17364815, 0, -0.9848077, 0, 1, 0, 0.9848077, 0, 0.17364815, 0, 1.2013521, 0)

[node name="q2X" type="MeshInstance3D" parent="cilindroEje/cilindroGrande/anilloL"]
transform = Transform3D(1, 0, 0, 0, 1, 0, 0, 0, 1, 0, 0, 2.4849)
mesh = SubResource("BoxMesh_88jqw")
surface_material_override/0 = SubResource("StandardMaterial3D_360qn")

[node name="q1[]" type="MeshInstance3D" parent="cilindroEje/cilindroGrande/anilloL"]
transform = Transform3D(0.9868928, 0, 0.16137996, 0, 1, 0, -0.16137996, 0, 0.9868928, -2.4565341, 0, 0.43315327)
mesh = SubResource("BoxMesh_3mpkd")
surface_material_override/0 = SubResource("StandardMaterial3D_nygsg")

[node name="q1X" type="MeshInstance3D" parent="cilindroEje/cilindroGrande/anilloL"]
transform = Transform3D(0.86254907, 0, -0.50597364, 0, 1, 0, 0.50597364, 0, 0.86254907, -2.1599374, 0, -1.2470405)
mesh = SubResource("BoxMesh_0811k")
surface_material_override/0 = SubResource("StandardMaterial3D_jvvsc")

[node name="anillo1" type="Node3D" parent="cilindroEje/cilindroGrande"]
transform = Transform3D(0.76604444, 0, 0.6427876, 0, 1, 0, -0.6427876, 0, 0.76604444, 0, 0.36835217, 0)

[node name="q0X" type="MeshInstance3D" parent="cilindroEje/cilindroGrande/anillo1"]
transform = Transform3D(1.0000002, 0, 0, 0, 1, 0, 0, 0, 1.0000002, -0.010378718, 0, 2.4948094)
mesh = SubResource("BoxMesh_cude4")
surface_material_override/0 = SubResource("StandardMaterial3D_88jqw")

[node name="anilloX" type="Node3D" parent="cilindroEje/cilindroGrande"]
transform = Transform3D(0.76604444, 0, -0.6427876, 0, 1, 0, 0.6427876, 0, 0.76604444, 0, -0.46464777, 0)

[node name="q21" type="MeshInstance3D" parent="cilindroEje/cilindroGrande/anilloX"]
transform = Transform3D(0.9847627, 0, 0.17390606, 0, 1, 0, -0.17390606, 0, 0.9847627, -2.4685664, 0, 0.43527493)
mesh = SubResource("BoxMesh_0fonw")
surface_material_override/0 = SubResource("StandardMaterial3D_g54cx")

[node name="anilloSigQ" type="Node3D" parent="cilindroEje/cilindroGrande"]
transform = Transform3D(-0.93969256, 0, -0.34202018, 0, 1, 0, 0.34202018, 0, -0.93969256, 0, -1.2976478, 0)

[node name="q1[]" type="MeshInstance3D" parent="cilindroEje/cilindroGrande/anilloSigQ"]
transform = Transform3D(1.0000002, 0, 0, 0, 1, 0, 0, 0, 1.0000002, -0.010378718, 0, 2.4948094)
mesh = SubResource("BoxMesh_cude4")
surface_material_override/0 = SubResource("StandardMaterial3D_88jqw")

[node name="q1X" type="MeshInstance3D" parent="cilindroEje/cilindroGrande/anilloSigQ"]
transform = Transform3D(0.7741609, 0, -0.63298917, 0, 1, 0, 0.63298917, 0, 0.7741609, -1.6035119, 0, 1.9109915)
mesh = SubResource("BoxMesh_g54cx")
surface_material_override/0 = SubResource("StandardMaterial3D_wxmkp")

[node name="q0X" type="MeshInstance3D" parent="cilindroEje/cilindroGrande/anilloSigQ"]
transform = Transform3D(0.93549335, 0, 0.35334423, 0, 1, 0, -0.35334423, 0, 0.93549335, -0.8555893, 0, -2.350712)
mesh = SubResource("BoxMesh_p3dle")
surface_material_override/0 = SubResource("StandardMaterial3D_5yotk")

[node name="anilloHalt" type="Node3D" parent="cilindroEje/cilindroGrande"]
transform = Transform3D(0.7660449, 0, -0.64278793, 0, 1, 0, 0.64278793, 0, 0.7660449, 0, -2.130648, 0)

[node name="q2[]" type="MeshInstance3D" parent="cilindroEje/cilindroGrande/anilloHalt"]
transform = Transform3D(1, 0, 0, 0, 1, 0, 0, 0, 1, 0, 0, 2.499566)
mesh = SubResource("BoxMesh_wxmkp")
surface_material_override/0 = SubResource("StandardMaterial3D_p3dle")

[node name="q21" type="MeshInstance3D" parent="cilindroEje/cilindroGrande/anilloHalt"]
transform = Transform3D(0.9847627, 0, 0.17390606, 0, 1, 0, -0.17390606, 0, 0.9847627, -2.4685664, 0, 0.43527493)
mesh = SubResource("BoxMesh_0fonw")
surface_material_override/0 = SubResource("StandardMaterial3D_g54cx")

[node name="q0[]" type="MeshInstance3D" parent="cilindroEje/cilindroGrande/anilloHalt"]
transform = Transform3D(0.86771345, 0, 0.4970648, 0, 1, 0, -0.4970648, 0, 0.86771345, 2.1634014, 0, -1.2490405)
mesh = SubResource("BoxMesh_5yotk")
surface_material_override/0 = SubResource("StandardMaterial3D_xrsaf")

[node name="marcadorInicio" type="MeshInstance3D" parent="cilindroEje/cilindroGrande"]
transform = Transform3D(1, 0, 0, 0, 1, 0, 0, 0, 1, 0, 2.3775177, 2.0003326)
mesh = SubResource("BoxMesh_jvvsc")
skeleton = NodePath("../../..")
surface_material_override/0 = SubResource("StandardMaterial3D_0fonw")

[node name="golpeX" type="MeshInstance3D" parent="cilindroEje/cilindroGrande"]
transform = Transform3D(1, 0, 0, 0, 1, 0, 0, 0, 1, 1.0913702, -0.77490973, 2.2845767)
mesh = SubResource("BoxMesh_xrsaf")
surface_material_override/0 = SubResource("StandardMaterial3D_6qdca")

[node name="golpe1" type="MeshInstance3D" parent="cilindroEje/cilindroGrande"]
transform = Transform3D(1, 0, 0, 0, 1, 0, 0, 0, 1, -1.6617012, -0.25747067, 1.937279)
mesh = SubResource("BoxMesh_6qdca")
surface_material_override/0 = SubResource("StandardMaterial3D_lkikd")

[node name="golpeX3" type="MeshInstance3D" parent="cilindroEje/cilindroGrande"]
transform = Transform3D(0.84897715, -0.3557096, -0.3907793, 0.3864374, 0.92231566, -4.1054724e-09, 0.36042187, -0.15101175, 0.92048436, -0.8591685, -1.7249242, 2.452075)
mesh = SubResource("BoxMesh_lkikd")
surface_material_override/0 = SubResource("StandardMaterial3D_qx5w2")

[node name="golpeX2" type="MeshInstance3D" parent="cilindroEje/cilindroGrande"]
transform = Transform3D(0.8127112, -0.28463927, -0.50841033, 0.33054736, 0.9437894, -3.6138168e-09, 0.4798323, -0.1680537, 0.8611149, -0.6640103, 0.49743375, 2.5048192)
mesh = SubResource("BoxMesh_lkikd")
surface_material_override/0 = SubResource("StandardMaterial3D_qx5w2")

[node name="cilindroResta" type="MeshInstance3D" parent="cilindroEje"]
transform = Transform3D(-0.9999998, -2.9756864e-11, 0.00068077445, -0.000680756, 4.3711378e-08, -0.9999999, -6.278363e-16, -1, -4.371139e-08, 0, 0, 0)
mesh = SubResource("CylinderMesh_360qn")
skeleton = NodePath("../..")
surface_material_override/0 = SubResource("StandardMaterial3D_cude4")

[node name="anilloL" type="Node3D" parent="cilindroEje/cilindroResta"]
transform = Transform3D(0.17364815, 1.0587912e-22, -0.9848077, 0, 1, 0, 0.9848077, 0, 0.17364815, 3.4366668e-16, 2.6526434, 2.0371523e-08)

[node name="q2X" type="MeshInstance3D" parent="cilindroEje/cilindroResta/anilloL"]
transform = Transform3D(1, 0, 0, 0, 1, 0, 0, 0, 1, 0, 0, 2.4977155)
mesh = SubResource("BoxMesh_jy2da")
surface_material_override/0 = SubResource("StandardMaterial3D_ar47d")

[node name="q11" type="MeshInstance3D" parent="cilindroEje/cilindroResta/anilloL"]
transform = Transform3D(0.9347143, 0, 0.3554007, 0, 1, 0, -0.3554007, 0, 0.9347143, -0.8566554, 0, -2.3536408)
mesh = SubResource("BoxMesh_j2ung")
surface_material_override/0 = SubResource("StandardMaterial3D_o7vsr")

[node name="anillo1" type="Node3D" parent="cilindroEje/cilindroResta"]
transform = Transform3D(1, 1.0587912e-22, 3.1847413e-23, -7.206133e-18, 1, -7.1054274e-15, 2.72861e-23, 0, 1, 3.4106449e-16, 1.7776433, 2.0371516e-08)

[node name="anilloX" type="Node3D" parent="cilindroEje/cilindroResta"]
transform = Transform3D(-0.5000001, 1.0587912e-22, -0.8660255, 7.1054274e-15, 1, 3.5527137e-15, 0.8660255, 0, -0.5000001, 3.4019702e-16, 0.9026433, 2.0371518e-08)

[node name="q21" type="MeshInstance3D" parent="cilindroEje/cilindroResta/anilloX"]
transform = Transform3D(1, 0, 0, 0, 1, 0, 0, 0, 1, 0, 0, 2.4977155)
mesh = SubResource("BoxMesh_jy2da")
surface_material_override/0 = SubResource("StandardMaterial3D_ar47d")

[node name="q11" type="MeshInstance3D" parent="cilindroEje/cilindroResta/anilloX"]
transform = Transform3D(0.8598881, 0, -0.51048297, 0, 1, 0, 0.51048297, 0, 0.8598881, -2.1638832, 0, -1.2493186)
mesh = SubResource("BoxMesh_v02qv")
surface_material_override/0 = SubResource("StandardMaterial3D_pgu3f")

[node name="anilloq0" type="Node3D" parent="cilindroEje/cilindroResta"]
transform = Transform3D(0.76604474, 1.0587912e-22, 0.6427876, 8.881784e-15, 1, 0, -0.6427876, 0, 0.76604444, 0.053856548, 0.027643323, 0.1784965)

[node name="q0X" type="MeshInstance3D" parent="cilindroEje/cilindroResta/anilloq0"]
transform = Transform3D(1, -1.7763568e-15, 5.9604645e-08, -1.7763568e-15, 1, 3.5527137e-15, -5.9604645e-08, 0, 1, -0.046334997, 0, 2.4637926)
mesh = SubResource("BoxMesh_ejs8s")
surface_material_override/0 = SubResource("StandardMaterial3D_rw2vn")

[node name="anilloq1" type="Node3D" parent="cilindroEje/cilindroResta"]
transform = Transform3D(0.17364822, 1.0587912e-22, -0.9848077, 0, 1, 0, 0.9848077, 0, 0.17364822, -0.11886951, -0.8473566, 8.094151e-05)

[node name="q21" type="MeshInstance3D" parent="cilindroEje/cilindroResta/anilloq1"]
transform = Transform3D(1, 0, 0, 0, 1, 0, 0, 0, 1, 0, 0, 2.5026183)
mesh = SubResource("BoxMesh_ejs8s")
surface_material_override/0 = SubResource("StandardMaterial3D_rw2vn")

[node name="anilloq2" type="Node3D" parent="cilindroEje/cilindroResta"]
transform = Transform3D(-0.50000006, 1.0587912e-22, 0.8660256, 3.5527137e-15, 1, 7.1054274e-15, -0.8660256, 0, -0.50000006, 0.1468366, -1.7223567, -0.06896109)

[node name="q21" type="MeshInstance3D" parent="cilindroEje/cilindroResta/anilloq2"]
transform = Transform3D(1, 0, 0, 0, 1, 0, 0, 0, 1, 0, 0, 2.5026183)
mesh = SubResource("BoxMesh_ejs8s")
surface_material_override/0 = SubResource("StandardMaterial3D_rw2vn")

[node name="anilloqHalt" type="Node3D" parent="cilindroEje/cilindroResta"]
transform = Transform3D(0.76604444, 1.0587912e-22, -0.64278775, 0, 1, 0, 0.64278775, 0, 0.7660443, 3.2805374e-16, -2.5973568, 2.0371488e-08)

[node name="MeshInstance3D" type="MeshInstance3D" parent="cilindroEje/cilindroResta/anilloqHalt"]
transform = Transform3D(1, 0, 0, 0, 1, 0, 0, 0, 1, 0, 0, 2.4934032)
mesh = SubResource("BoxMesh_b6axb")
surface_material_override/0 = SubResource("StandardMaterial3D_ix1mw")

[node name="MeshInstance3D2" type="MeshInstance3D" parent="cilindroEje/cilindroResta/anilloqHalt"]
transform = Transform3D(0.8600573, 0, -0.5101978, 0, 1, 0, 0.5101978, 0, 0.8600573, -2.1625564, 0, -1.2485527)
mesh = SubResource("BoxMesh_vfhk3")
surface_material_override/0 = SubResource("StandardMaterial3D_xtibw")

[node name="MeshInstance3D3" type="MeshInstance3D" parent="cilindroEje/cilindroResta/anilloqHalt"]
transform = Transform3D(0.5189673, 0, -0.854794, 0, 1, 0, 0.854794, 0, 0.5189673, 2.1608992, 0, -1.2475954)
mesh = SubResource("BoxMesh_kqut3")
surface_material_override/0 = SubResource("StandardMaterial3D_0xb73")

[node name="marcadorInicio" type="MeshInstance3D" parent="cilindroEje/cilindroResta"]
transform = Transform3D(1, 1.0587912e-22, 3.1847416e-23, -3.6030664e-18, 1, -3.5527137e-15, 2.7443594e-23, 0, 1, -1.1641341e-10, 2.6277432, 2.0003324)
mesh = SubResource("BoxMesh_touju")
skeleton = NodePath("../../..")
surface_material_override/0 = SubResource("StandardMaterial3D_yd8te")

[node name="golpeX" type="MeshInstance3D" parent="cilindroEje/cilindroResta"]
transform = Transform3D(1, 0, 0, 0, 1, 0, 0, 0, 1, 1.0913702, -0.77490973, 2.2845767)
mesh = SubResource("BoxMesh_xrsaf")
surface_material_override/0 = SubResource("StandardMaterial3D_6qdca")

[node name="golpe1" type="MeshInstance3D" parent="cilindroEje/cilindroResta"]
transform = Transform3D(1, 0, 0, 0, 1, 0, 0, 0, 1, -1.6617012, -0.25747067, 1.937279)
mesh = SubResource("BoxMesh_6qdca")
surface_material_override/0 = SubResource("StandardMaterial3D_lkikd")

[node name="golpeX3" type="MeshInstance3D" parent="cilindroEje/cilindroResta"]
transform = Transform3D(0.84897715, -0.3557096, -0.3907793, 0.3864374, 0.92231566, -4.1054724e-09, 0.36042187, -0.15101175, 0.92048436, -0.8591685, -1.7249242, 2.452075)
mesh = SubResource("BoxMesh_lkikd")
surface_material_override/0 = SubResource("StandardMaterial3D_qx5w2")

[node name="golpeX2" type="MeshInstance3D" parent="cilindroEje/cilindroResta"]
transform = Transform3D(0.8127112, -0.28463927, -0.50841033, 0.33054736, 0.9437894, -3.6138168e-09, 0.4798323, -0.1680537, 0.8611149, -0.6640103, 0.49743375, 2.5048192)
mesh = SubResource("BoxMesh_lkikd")
surface_material_override/0 = SubResource("StandardMaterial3D_qx5w2")
